2 16156
6 10992
28 8880
18 7328
9 4524
10 4272
8 3696
7 3664
64 3664
63 3664
62 3664
61 3664
60 3664
59 3664
58 3664
57 3664
56 3664
55 3664
54 3664
53 3664
52 3664
51 3664
50 3664
49 3664
48 3664
47 3664
46 3664
45 3664
44 3664
43 3664
42 3664
3 3664
20 3664
19 3664
17 3664
16 3664
15 3664
14 3664
13 3664
12 3664
11 3664
70 3660
69 3660
68 3660
67 3660
66 3660
65 3660
328 2012
40 1820
39 1772
38 1500
1 1472
35 1356
36 1324
89 1176
87 1152
90 1084
88 1084
91 1048
86 948
21 860
206 804
616 800
207 776
41 756
208 716
353 588
34 584
152 560
94 516
106 448
153 440
154 432
71 408
188 404
325 320
324 320
155 292
204 264
203 236
688 228
495 228
37 220
236 200
629 192
628 192
108 192
107 192
634 184
1221 176
1219 176
205 156
1230 152
120 148
1220 144
321 140
498 136
497 136
496 136
458 132
704 128
703 128
631 128
630 128
1229 128
1228 128
1227 128
1226 128
1225 128
1224 128
1223 128
1222 128
109 128
470 124
483 120
199 120
455 116
322 116
201 116
122 112
323 104
1784 104
1783 104
685 100
680 100
454 100
227 100
840 96
826 96
812 96
798 96
747 96
74 96
738 96
651 96
599 96
557 96
548 96
539 96
379 96
364 96
363 96
300 96
291 96
282 96
273 96
191 96
186 96
1771 96
176 96
1756 96
1302 96
1231 96
1024 96
865 92
476 92
463 92
448 92
439 92
380 92
377 92
365 92
159 92
700 88
481 88
469 88
391 88
386 88
309 88
200 88
185 88
84 84
729 84
720 84
635 84
482 84
408 84
407 84
406 84
405 84
404 84
403 84
402 84
401 84
400 84
399 84
394 84
308 84
198 84
81 80
392 80
237 80
468 76
453 76
348 76
307 76
83 72
82 72
184 72
172 72
1258 72
113 72
627 68
393 68
378 68
366 68
310 68
183 68
123 68
121 68
99 64
98 64
97 64
96 64
95 64
93 64
92 64
868 64
867 64
866 64
864 64
863 64
862 64
861 64
85 64
845 64
844 64
843 64
842 64
841 64
839 64
838 64
831 64
830 64
829 64
828 64
827 64
825 64
824 64
817 64
816 64
815 64
814 64
813 64
811 64
810 64
803 64
802 64
801 64
800 64
799 64
797 64
796 64
79 64
78 64
77 64
76 64
752 64
751 64
750 64
75 64
749 64
748 64
746 64
745 64
743 64
742 64
741 64
740 64
739 64
737 64
736 64
73 64
72 64
715 64
714 64
713 64
712 64
711 64
710 64
709 64
708 64
694 64
693 64
692 64
691 64
690 64
687 64
686 64
663 64
656 64
655 64
654 64
653 64
652 64
649 64
648 64
622 64
621 64
620 64
619 64
618 64
615 64
614 64
607 64
604 64
603 64
602 64
601 64
600 64
598 64
597 64
562 64
561 64
560 64
559 64
558 64
556 64
555 64
553 64
552 64
551 64
550 64
549 64
547 64
546 64
544 64
543 64
542 64
541 64
540 64
538 64
537 64
5 64
493 64
492 64
491 64
490 64
489 64
488 64
487 64
486 64
485 64
484 64
479 64
478 64
477 64
475 64
474 64
473 64
472 64
466 64
465 64
464 64
462 64
461 64
460 64
459 64
456 64
451 64
450 64
449 64
447 64
446 64
445 64
444 64
442 64
441 64
440 64
438 64
437 64
436 64
435 64
4 64
395 64
389 64
388 64
387 64
385 64
384 64
383 64
382 64
381 64
375 64
374 64
373 64
372 64
371 64
370 64
369 64
368 64
367 64
361 64
360 64
359 64
358 64
357 64
356 64
355 64
354 64
351 64
350 64
349 64
347 64
346 64
345 64
344 64
319 64
318 64
317 64
316 64
315 64
314 64
313 64
312 64
311 64
305 64
304 64
303 64
302 64
301 64
299 64
298 64
296 64
295 64
294 64
293 64
292 64
290 64
289 64
287 64
286 64
285 64
284 64
283 64
281 64
280 64
278 64
277 64
276 64
275 64
274 64
272 64
271 64
27 64
26 64
25 64
24 64
23 64
22 64
202 64
196 64
195 64
194 64
193 64
192 64
190 64
189 64
187 64
181 64
180 64
1792 64
1791 64
1790 64
179 64
1789 64
1788 64
1786 64
1785 64
178 64
1776 64
1775 64
1774 64
1773 64
1772 64
1770 64
177 64
1769 64
1761 64
1760 64
1759 64
1758 64
1757 64
1755 64
1754 64
175 64
174 64
173 64
164 64
163 64
162 64
161 64
160 64
158 64
157 64
146 64
145 64
144 64
143 64
142 64
141 64
140 64
139 64
1307 64
1306 64
1305 64
1304 64
1303 64
1301 64
1300 64
124 64
1217 64
1216 64
1215 64
1214 64
1213 64
1212 64
1211 64
1210 64
118 64
117 64
116 64
115 64
114 64
112 64
111 64
1084 64
1083 64
1082 64
1081 64
1080 64
1079 64
1078 64
1029 64
1028 64
1027 64
1026 64
1025 64
1023 64
1022 64
100 64
471 60
457 60
1311 60
110 60
755 56
734 56
733 56
732 56
731 56
730 56
728 56
727 56
725 56
724 56
723 56
722 56
721 56
719 56
718 56
707 56
706 56
705 56
698 56
647 56
646 56
640 56
639 56
638 56
637 56
636 56
633 56
632 56
626 56
609 56
579 56
578 56
577 56
576 56
575 56
574 56
573 56
572 56
268 56
1797 56
1768 56
1765 56
1764 56
1753 56
1752 56
1751 56
1330 56
1329 56
1328 56
1327 56
1321 56
1320 56
1319 56
1318 56
1317 56
1315 56
1314 56
1310 56
1309 56
1105 56
1104 56
1103 56
1102 56
1101 56
1100 56
1056 56
1055 56
1054 56
1053 56
1052 56
1051 56
835 52
820 52
754 52
697 52
696 52
625 52
594 52
593 52
592 52
591 52
590 52
589 52
1795 52
137 52
1033 52
821 48
806 48
805 48
756 48
702 48
701 48
641 48
608 48
426 48
425 48
424 48
423 48
422 48
2132 48
1312 48
1262 48
1261 48
1260 48
1259 48
1108 48
1032 48
849 44
848 44
836 44
834 44
822 44
807 44
644 44
643 44
239 44
1796 44
1781 44
1779 44
1766 44
166 44
136 44
1031 44
847 40
833 40
819 40
808 40
642 40
606 40
500 40
499 40
1887 40
1886 40
1798 40
1780 40
1763 40
135 40
134 40
1232 40
1047 40
1046 40
1045 40
1044 40
1043 40
850 36
699 36
683 36
661 36
660 36
659 36
658 36
624 36
234 36
1794 36
1778 36
170 36
169 36
168 36
167 36
156 36
138 36
1326 36
1325 36
1324 36
1323 36
1257 36
1256 36
1255 36
1254 36
1253 36
1252 36
1251 36
1250 36
1030 36
932 32
931 32
930 32
929 32
928 32
927 32
887 32
886 32
885 32
884 32
883 32
882 32
878 32
877 32
876 32
875 32
874 32
873 32
851 32
846 32
837 32
832 32
823 32
809 32
80 32
757 32
695 32
689 32
662 32
657 32
650 32
623 32
617 32
610 32
605 32
563 32
554 32
545 32
534 32
533 32
532 32
531 32
494 32
480 32
467 32
390 32
376 32
362 32
352 32
33 32
320 32
32 32
31 32
306 32
30 32
297 32
29 32
288 32
279 32
197 32
1793 32
1787 32
1782 32
1777 32
1767 32
1762 32
171 32
151 32
150 32
149 32
148 32
147 32
1313 32
1308 32
1218 32
1198 32
1197 32
1196 32
119 32
105 32
104 32
1034 32
103 32
102 32
101 32
940 28
939 28
938 28
937 28
936 28
909 28
908 28
907 28
906 28
905 28
895 28
894 28
893 28
892 28
891 28
717 28
716 28
645 28
1878 28
1877 28
1876 28
1875 28
1874 28
182 28
165 28
1607 28
1322 28
1316 28
1074 28
1073 28
1072 28
949 24
948 24
947 24
946 24
869 24
789 24
788 24
787 24
786 24
735 24
726 24
585 24
584 24
583 24
527 24
526 24
525 24
452 24
238 24
235 24
2155 24
2154 24
2153 24
2152 24
2151 24
2105 24
2104 24
2103 24
2102 24
2101 24
2097 24
2096 24
2095 24
2094 24
2093 24
1870 24
1869 24
1868 24
1867 24
1863 24
1862 24
1861 24
1860 24
1363 24
1362 24
1361 24
1360 24
1359 24
1347 24
1346 24
1345 24
1247 24
1246 24
1245 24
1244 24
1243 24
1207 24
1206 24
1091 24
1090 24
969 20
968 20
967 20
804 20
782 20
781 20
780 20
568 20
567 20
443 20
341 20
340 20
233 20
2142 20
2141 20
2140 20
2139 20
1628 20
1627 20
1626 20
1625 20
1450 20
1449 20
1448 20
1447 20
1421 20
1420 20
1419 20
1418 20
1356 20
1355 20
1354 20
1353 20
1341 20
1340 20
1339 20
1335 20
1334 20
1268 20
1267 20
1266 20
1265 20
1240 20
1239 20
1238 20
1237 20
1096 20
1095 20
999 16
998 16
997 16
996 16
995 16
994 16
993 16
988 16
987 16
985 16
984 16
982 16
981 16
979 16
978 16
976 16
975 16
973 16
972 16
965 16
964 16
954 16
953 16
951 16
950 16
944 16
943 16
934 16
933 16
925 16
924 16
903 16
902 16
889 16
888 16
881 16
880 16
879 16
871 16
870 16
859 16
858 16
853 16
852 16
784 16
783 16
778 16
777 16
774 16
773 16
770 16
769 16
768 16
420 16
419 16
397 16
396 16
338 16
337 16
336 16
335 16
334 16
332 16
331 16
330 16
327 16
326 16
1919 16
1918 16
1916 16
1915 16
1910 16
1909 16
1904 16
1903 16
1901 16
1900 16
1898 16
1897 16
1895 16
1894 16
1892 16
1891 16
1889 16
1888 16
1883 16
1882 16
1881 16
1880 16
1879 16
1873 16
1872 16
1871 16
1865 16
1864 16
1858 16
1857 16
1749 16
1748 16
1746 16
1745 16
1744 16
1743 16
1742 16
1740 16
1739 16
1737 16
1736 16
1734 16
1733 16
1731 16
1730 16
1728 16
1727 16
1725 16
1724 16
1722 16
1721 16
1719 16
1718 16
1716 16
1715 16
1710 16
1709 16
1707 16
1706 16
1704 16
1703 16
1701 16
1700 16
1698 16
1697 16
1695 16
1694 16
1692 16
1691 16
1689 16
1688 16
1686 16
1685 16
1683 16
1682 16
1680 16
1679 16
1674 16
1673 16
1671 16
1670 16
1669 16
1668 16
1667 16
1666 16
1665 16
1664 16
1663 16
1662 16
1661 16
1660 16
1659 16
1658 16
1657 16
1656 16
1655 16
1654 16
1653 16
1652 16
1650 16
1649 16
1644 16
1643 16
1641 16
1640 16
1621 16
1620 16
1619 16
1427 16
1426 16
1425 16
1403 16
1402 16
1401 16
1398 16
1397 16
1396 16
1368 16
1367 16
1366 16
1283 16
1282 16
1281 16
1278 16
1277 16
1276 16
1204 16
1203 16
1202 16
1201 16
1200 16
1199 16
1194 16
1193 16
1191 16
1190 16
1188 16
1187 16
1185 16
1184 16
1182 16
1181 16
1179 16
1178 16
1176 16
1175 16
1173 16
1172 16
1170 16
1169 16
1167 16
1166 16
1162 16
1161 16
1160 16
1159 16
1158 16
1157 16
1156 16
1155 16
1154 16
1153 16
1152 16
1151 16
1150 16
1149 16
1148 16
1137 16
1136 16
1134 16
1133 16
1131 16
1130 16
1128 16
1127 16
1125 16
1124 16
1119 16
1118 16
1113 16
1112 16
1098 16
1097 16
1093 16
1092 16
1088 16
1087 16
1076 16
1075 16
1070 16
1069 16
1068 16
1066 16
1065 16
1050 16
1049 16
1048 16
1041 16
1040 16
1039 16
1038 16
1036 16
1035 16
1008 16
1007 16
1006 16
1005 16
1004 16
1003 16
1002 16
1001 16
1000 16
776 12
2147 12
2146 12
2129 12
2128 12
2120 12
212 12
2119 12
2110 12
2109 12
1615 12
1614 12
1468 12
1467 12
1464 12
1463 12
1455 12
1454 12
1443 12
1442 12
1432 12
1431 12
1407 12
1406 12
1273 12
1272 12
1271 12
127 12
1011 12
991 8
990 8
989 8
986 8
983 8
980 8
977 8
974 8
971 8
970 8
966 8
956 8
955 8
952 8
945 8
942 8
941 8
935 8
926 8
912 8
911 8
910 8
904 8
901 8
900 8
898 8
897 8
896 8
890 8
872 8
856 8
855 8
795 8
794 8
791 8
790 8
772 8
771 8
766 8
765 8
764 8
763 8
762 8
761 8
760 8
759 8
758 8
753 8
744 8
682 8
681 8
679 8
678 8
676 8
675 8
668 8
667 8
665 8
664 8
612 8
611 8
596 8
595 8
587 8
586 8
581 8
580 8
571 8
570 8
569 8
565 8
564 8
536 8
535 8
529 8
528 8
523 8
522 8
521 8
519 8
518 8
516 8
515 8
514 8
513 8
511 8
510 8
508 8
507 8
505 8
504 8
502 8
501 8
434 8
433 8
429 8
428 8
427 8
410 8
409 8
398 8
343 8
342 8
339 8
333 8
329 8
266 8
265 8
263 8
262 8
260 8
259 8
257 8
256 8
252 8
251 8
249 8
248 8
243 8
232 8
231 8
2287 8
2286 8
2285 8
2283 8
2282 8
2280 8
2279 8
2277 8
2276 8
2275 8
2274 8
2273 8
2272 8
2271 8
2270 8
2269 8
2268 8
2267 8
2266 8
2265 8
2264 8
2263 8
2262 8
2260 8
226 8
2259 8
2257 8
2256 8
2254 8
2253 8
2251 8
2250 8
225 8
2249 8
2248 8
2247 8
2246 8
2245 8
2244 8
2242 8
2241 8
2239 8
2238 8
2236 8
2235 8
2233 8
2232 8
2230 8
2229 8
2227 8
2226 8
2224 8
2223 8
2221 8
2220 8
2218 8
2217 8
2215 8
2214 8
2212 8
2211 8
2209 8
2208 8
2206 8
2205 8
2204 8
2203 8
2202 8
2201 8
2200 8
2199 8
2198 8
2197 8
2196 8
2195 8
2194 8
2193 8
2192 8
2191 8
2190 8
2189 8
2188 8
2187 8
2186 8
2185 8
2184 8
2182 8
2181 8
2179 8
2178 8
2176 8
2175 8
2173 8
2172 8
2170 8
217 8
2169 8
2167 8
2166 8
2164 8
2163 8
2161 8
2160 8
216 8
2159 8
2158 8
2157 8
2156 8
215 8
2149 8
2148 8
2144 8
2143 8
214 8
2137 8
2136 8
2134 8
2133 8
2131 8
2130 8
213 8
2126 8
2125 8
2124 8
2122 8
2121 8
2118 8
2117 8
2116 8
2115 8
2114 8
2113 8
2112 8
2111 8
211 8
2107 8
2106 8
210 8
2099 8
2098 8
2091 8
2090 8
2089 8
2087 8
2086 8
2085 8
2084 8
2083 8
2082 8
2081 8
2080 8
2079 8
2078 8
2077 8
2076 8
2075 8
2074 8
2072 8
2071 8
2069 8
2068 8
2066 8
2065 8
2063 8
2062 8
2060 8
2059 8
2057 8
2056 8
2054 8
2053 8
2051 8
2050 8
2048 8
2047 8
2045 8
2044 8
2042 8
2041 8
2039 8
2038 8
2036 8
2035 8
2033 8
2032 8
2030 8
2029 8
2027 8
2026 8
2024 8
2023 8
2021 8
2020 8
2018 8
2017 8
2015 8
2014 8
2012 8
2011 8
2009 8
2008 8
2006 8
2005 8
2003 8
2002 8
2000 8
1999 8
1997 8
1996 8
1994 8
1993 8
1991 8
1990 8
1988 8
1987 8
1985 8
1984 8
1982 8
1981 8
1979 8
1978 8
1976 8
1975 8
1973 8
1972 8
1970 8
1969 8
1967 8
1966 8
1964 8
1963 8
1961 8
1960 8
1958 8
1957 8
1955 8
1954 8
1952 8
1951 8
1949 8
1948 8
1946 8
1945 8
1943 8
1942 8
1940 8
1939 8
1937 8
1936 8
1934 8
1933 8
1931 8
1930 8
1928 8
1927 8
1925 8
1924 8
1922 8
1921 8
1920 8
1917 8
1913 8
1912 8
1911 8
1907 8
1906 8
1905 8
1902 8
1899 8
1896 8
1893 8
1890 8
1885 8
1884 8
1866 8
1859 8
1856 8
1855 8
1854 8
1853 8
1852 8
1851 8
1850 8
1849 8
1848 8
1847 8
1846 8
1845 8
1844 8
1843 8
1842 8
1841 8
1840 8
1839 8
1838 8
1837 8
1836 8
1835 8
1834 8
1833 8
1832 8
1831 8
1830 8
1829 8
1828 8
1827 8
1826 8
1825 8
1824 8
1823 8
1822 8
1821 8
1820 8
1819 8
1818 8
1817 8
1816 8
1815 8
1814 8
1813 8
1812 8
1811 8
1810 8
1809 8
1808 8
1807 8
1806 8
1805 8
1804 8
1803 8
1802 8
1801 8
1800 8
1799 8
1750 8
1747 8
1741 8
1738 8
1735 8
1732 8
1729 8
1726 8
1723 8
1720 8
1717 8
1713 8
1712 8
1711 8
1708 8
1705 8
1702 8
1699 8
1696 8
1693 8
1690 8
1687 8
1684 8
1681 8
1677 8
1676 8
1675 8
1672 8
1651 8
1647 8
1646 8
1645 8
1642 8
1638 8
1637 8
1635 8
1634 8
1632 8
1631 8
1630 8
1629 8
1624 8
1623 8
1622 8
1617 8
1616 8
1612 8
1611 8
1610 8
1609 8
1608 8
1597 8
1596 8
1594 8
1593 8
1591 8
1590 8
1588 8
1587 8
1585 8
1584 8
1582 8
1581 8
1579 8
1578 8
1576 8
1575 8
1573 8
1572 8
1570 8
1569 8
1567 8
1566 8
1564 8
1563 8
1561 8
1560 8
1558 8
1557 8
1555 8
1554 8
1552 8
1551 8
1549 8
1548 8
1546 8
1545 8
1543 8
1542 8
1540 8
1539 8
1537 8
1536 8
1534 8
1533 8
1531 8
1530 8
1528 8
1527 8
1525 8
1524 8
1522 8
1521 8
1519 8
1518 8
1516 8
1515 8
1513 8
1512 8
1510 8
1509 8
1508 8
1507 8
1506 8
1505 8
1504 8
1503 8
1502 8
1501 8
1500 8
1499 8
1498 8
1497 8
1496 8
1495 8
1494 8
1493 8
1492 8
1491 8
1489 8
1488 8
1486 8
1485 8
1483 8
1482 8
1480 8
1479 8
1477 8
1476 8
1474 8
1473 8
1472 8
1471 8
1470 8
1469 8
1466 8
1465 8
1462 8
1461 8
1460 8
1459 8
1458 8
1457 8
1456 8
1452 8
1451 8
1445 8
1444 8
1440 8
1439 8
1438 8
1436 8
1435 8
1434 8
1433 8
1429 8
1428 8
1423 8
1422 8
1417 8
1416 8
1415 8
1414 8
1413 8
1412 8
1411 8
1410 8
1409 8
1408 8
1405 8
1404 8
1400 8
1399 8
1395 8
1394 8
1393 8
1392 8
1391 8
1390 8
1389 8
1388 8
1387 8
1386 8
1385 8
1384 8
1383 8
1382 8
1381 8
1380 8
1379 8
1378 8
1376 8
1375 8
1374 8
1373 8
1372 8
1371 8
1370 8
1369 8
1365 8
1364 8
1358 8
1357 8
1352 8
1351 8
1349 8
1348 8
1343 8
1342 8
1337 8
1336 8
1332 8
1331 8
132 8
131 8
130 8
1299 8
1298 8
1297 8
1296 8
1295 8
1294 8
1293 8
1292 8
1291 8
1290 8
129 8
1289 8
1288 8
1287 8
1286 8
1285 8
1284 8
1280 8
128 8
1279 8
1275 8
1274 8
1270 8
1269 8
1264 8
1263 8
126 8
125 8
1249 8
1248 8
1242 8
1241 8
1236 8
1235 8
1234 8
1233 8
1209 8
1208 8
1205 8
1195 8
1192 8
1189 8
1186 8
1183 8
1180 8
1177 8
1174 8
1171 8
1168 8
1164 8
1163 8
1147 8
1146 8
1145 8
1144 8
1143 8
1142 8
1141 8
1140 8
1139 8
1138 8
1135 8
1132 8
1129 8
1126 8
1122 8
1121 8
1120 8
1116 8
1115 8
1114 8
1110 8
1109 8
1107 8
1106 8
1099 8
1094 8
1089 8
1086 8
1085 8
1077 8
1071 8
1067 8
1064 8
1063 8
1059 8
1058 8
1057 8
1042 8
1037 8
1016 8
1015 8
1014 8
1013 8
1012 8
1010 8
1009 8
992 4
963 4
962 4
961 4
960 4
959 4
958 4
957 4
923 4
922 4
921 4
920 4
919 4
918 4
917 4
916 4
915 4
914 4
913 4
899 4
860 4
857 4
854 4
818 4
793 4
792 4
785 4
779 4
775 4
767 4
684 4
677 4
674 4
673 4
672 4
671 4
670 4
669 4
666 4
613 4
588 4
582 4
566 4
530 4
524 4
520 4
517 4
512 4
509 4
506 4
503 4
432 4
431 4
430 4
421 4
418 4
417 4
416 4
415 4
414 4
413 4
412 4
411 4
270 4
269 4
267 4
255 4
254 4
253 4
246 4
245 4
244 4
242 4
241 4
240 4
229 4
2284 4
2281 4
228 4
2278 4
2261 4
2258 4
2255 4
2252 4
2243 4
2240 4
2237 4
2234 4
2231 4
223 4
2228 4
2225 4
2222 4
222 4
2219 4
2216 4
2213 4
2210 4
221 4
2207 4
220 4
219 4
2183 4
2180 4
218 4
2177 4
2174 4
2171 4
2168 4
2165 4
2162 4
2150 4
2145 4
2138 4
2135 4
2127 4
2123 4
2108 4
2100 4
2092 4
2088 4
2073 4
2070 4
2067 4
2064 4
2061 4
2058 4
2055 4
2052 4
2049 4
2046 4
2043 4
2040 4
2037 4
2034 4
2031 4
2028 4
2025 4
2022 4
2019 4
2016 4
2013 4
2010 4
2007 4
2004 4
2001 4
1998 4
1995 4
1992 4
1989 4
1986 4
1983 4
1980 4
1977 4
1974 4
1971 4
1968 4
1965 4
1962 4
1959 4
1956 4
1953 4
1950 4
1947 4
1944 4
1941 4
1938 4
1935 4
1932 4
1929 4
1926 4
1923 4
1914 4
1908 4
1714 4
1678 4
1648 4
1639 4
1636 4
1633 4
1618 4
1613 4
1606 4
1605 4
1604 4
1603 4
1602 4
1601 4
1600 4
1599 4
1598 4
1595 4
1592 4
1589 4
1586 4
1583 4
1580 4
1577 4
1574 4
1571 4
1568 4
1565 4
1562 4
1559 4
1556 4
1553 4
1550 4
1547 4
1544 4
1541 4
1538 4
1535 4
1532 4
1529 4
1526 4
1523 4
1520 4
1517 4
1514 4
1511 4
1490 4
1487 4
1484 4
1481 4
1478 4
1475 4
1453 4
1446 4
1441 4
1437 4
1430 4
1424 4
1377 4
1350 4
1344 4
1338 4
1333 4
133 4
1165 4
1123 4
1117 4
1111 4
1062 4
1061 4
1060 4
1021 4
1020 4
1019 4
1018 4
1017 4
264 0
261 0
258 0
250 0
247 0
230 0
224 0
209 0
