1218 468
1217 468
1216 468
1215 468
1214 468
1213 468
1212 468
725 444
724 444
723 444
722 444
721 444
616 444
452 444
451 444
450 444
449 444
208 444
197 444
196 444
195 444
194 444
193 444
192 444
188 444
149 440
148 440
744 432
480 432
479 432
478 432
477 432
476 432
475 432
474 432
467 432
466 432
465 432
464 432
463 432
462 432
461 432
207 432
206 432
91 428
90 428
89 428
88 428
87 428
869 428
868 428
867 428
866 428
864 428
79 428
78 428
77 428
76 428
75 428
74 428
71 428
680 428
640 428
639 428
638 428
637 428
636 428
635 428
605 428
604 428
603 428
602 428
601 428
600 428
562 428
561 428
560 428
559 428
558 428
553 428
552 428
551 428
550 428
549 428
548 428
545 428
544 428
543 428
542 428
541 428
540 428
390 428
389 428
388 428
387 428
385 428
384 428
347 428
346 428
33 428
32 428
306 428
305 428
304 428
303 428
302 428
301 428
300 428
297 428
296 428
295 428
294 428
293 428
292 428
288 428
287 428
286 428
285 428
284 428
283 428
282 428
279 428
278 428
277 428
276 428
275 428
274 428
273 428
182 428
181 428
180 428
179 428
178 428
177 428
151 428
150 428
1308 428
1307 428
1306 428
1305 428
1304 428
1303 428
1302 428
119 428
386 424
376 424
375 424
374 424
373 424
372 424
371 424
370 424
362 424
361 424
360 424
359 424
358 424
357 424
356 424
353 424
352 424
351 424
350 424
349 424
1777 424
1776 424
1775 424
1774 424
1773 424
1772 424
1762 424
1761 424
1760 424
1759 424
1758 424
1757 424
1220 424
1219 424
118 424
117 424
116 424
115 424
114 424
113 424
105 424
104 424
102 424
1793 420
1792 420
1791 420
1790 420
1789 420
1788 420
1607 420
1029 420
1028 420
1027 420
1026 420
1025 420
846 416
845 416
844 416
843 416
842 416
841 416
832 416
831 416
830 416
829 416
828 416
827 416
826 416
622 416
621 416
620 416
619 416
618 416
321 416
39 412
147 412
146 412
145 412
144 412
143 412
142 412
40 404
694 400
693 400
692 400
691 400
690 400
685 400
494 392
493 392
492 392
491 392
490 392
489 392
165 392
164 392
163 392
162 392
447 388
443 388
442 388
441 388
440 388
191 388
1771 388
1756 388
159 388
141 388
1024 388
1787 384
1321 384
1320 384
1319 384
1318 384
1317 384
1221 384
99 380
98 380
97 380
96 380
95 380
840 380
804 380
803 380
802 380
801 380
657 380
656 380
655 380
654 380
653 380
652 380
651 380
623 380
617 380
323 380
322 380
238 380
236 380
205 380
101 380
100 380
1 380
734 376
733 376
732 376
731 376
730 376
720 376
448 376
446 376
439 376
438 376
437 376
237 376
204 376
203 376
86 372
80 372
599 372
563 372
557 372
554 372
539 372
348 372
31 372
30 372
291 372
227 372
818 368
817 368
816 368
815 368
814 368
813 368
812 368
800 368
799 368
798 368
753 368
717 368
715 368
714 368
713 368
712 368
711 368
688 368
488 368
458 368
161 368
156 368
155 368
103 368
743 364
742 364
741 364
740 364
739 364
738 364
729 364
695 364
689 364
41 364
320 364
319 364
318 364
317 364
316 364
315 364
314 364
865 360
863 360
683 360
209 360
1322 360
752 356
751 356
750 356
749 356
748 356
747 356
29 356
27 356
26 356
25 356
24 356
23 356
22 356
160 352
710 348
176 336
230 296
378 292
989 284
986 284
983 284
980 284
977 284
974 284
405 284
404 284
403 284
402 284
401 284
400 284
399 284
398 284
244 284
1601 284
1600 284
1599 284
120 284
579 280
578 280
577 280
576 280
575 280
574 280
573 280
572 280
408 280
407 280
406 280
199 280
1162 280
1159 280
1156 280
1153 280
1150 280
887 272
886 272
885 272
884 272
883 272
882 272
881 272
627 272
470 272
455 272
364 272
264 272
245 272
1702 272
1699 272
1696 272
1693 272
1690 272
1687 272
1684 272
1669 272
1666 272
1663 272
1660 272
1657 272
1654 272
1257 272
1256 272
1255 272
1254 272
1253 272
1252 272
1251 272
1250 272
121 272
1084 272
1083 272
1082 272
1081 272
1080 272
1079 272
1078 272
1077 272
1056 272
1055 272
1054 272
1053 272
1052 272
1051 272
1050 272
932 268
931 268
930 268
929 268
928 268
927 268
926 268
878 268
877 268
876 268
875 268
874 268
873 268
872 268
594 268
593 268
592 268
591 268
590 268
589 268
483 268
393 268
379 268
363 268
250 268
201 268
1878 268
1877 268
1876 268
1875 268
1874 268
1873 268
1732 268
1729 268
1726 268
1723 268
1720 268
1717 268
1311 268
1189 268
1186 268
1183 268
1180 268
1177 268
1174 268
1105 268
1104 268
1103 268
1102 268
1101 268
1100 268
1099 268
940 264
939 264
938 264
937 264
936 264
935 264
909 264
908 264
907 264
906 264
905 264
904 264
895 264
894 264
893 264
892 264
891 264
890 264
454 264
380 264
377 264
365 264
243 264
2155 264
2154 264
2153 264
2105 264
2104 264
2103 264
2102 264
2101 264
2097 264
2096 264
2095 264
2094 264
2093 264
1797 264
1765 264
1764 264
1651 264
1645 264
1642 264
1628 264
1627 264
1626 264
1625 264
1606 264
1605 264
1604 264
1603 264
1602 264
1363 264
1362 264
1361 264
1360 264
1359 264
122 264
1047 264
1046 264
1045 264
1044 264
1043 264
1042 264
1033 264
949 260
948 260
947 260
946 260
945 260
835 260
755 260
626 260
534 260
533 260
532 260
531 260
456 260
426 260
425 260
424 260
423 260
422 260
421 260
391 260
309 260
224 260
2152 260
2151 260
2139 260
1870 260
1869 260
1868 260
1867 260
1866 260
1863 260
1862 260
1861 260
1860 260
186 260
1859 260
1795 260
1450 260
1449 260
1448 260
1447 260
1421 260
1420 260
1419 260
1418 260
1356 260
1355 260
1354 260
1353 260
1310 260
1309 260
1247 260
1246 260
1245 260
1244 260
1243 260
123 260
1132 260
1129 260
1126 260
969 256
968 256
967 256
966 256
821 256
820 256
789 256
788 256
787 256
786 256
785 256
770 256
754 256
698 256
697 256
641 256
625 256
607 256
585 256
584 256
583 256
527 256
526 256
525 256
469 256
394 256
308 256
2142 256
2141 256
2140 256
2120 256
2119 256
200 256
1920 256
1917 256
1911 256
1883 256
1882 256
1881 256
185 256
1779 256
1741 256
1738 256
1735 256
1681 256
1675 256
1621 256
1620 256
1619 256
1427 256
1426 256
1425 256
1403 256
1402 256
1401 256
1398 256
1397 256
1396 256
137 256
1368 256
1367 256
1366 256
1347 256
1346 256
1345 256
1341 256
1340 256
1339 256
1312 256
1268 256
1267 256
1266 256
1265 256
1240 256
1239 256
1238 256
1237 256
1198 256
1197 256
1196 256
1195 256
1171 256
1168 256
1120 256
1114 256
1074 256
1073 256
1072 256
1071 256
1032 256
954 252
953 252
952 252
84 252
836 252
834 252
822 252
806 252
805 252
782 252
781 252
780 252
779 252
769 252
768 252
756 252
696 252
644 252
643 252
642 252
609 252
608 252
568 252
567 252
482 252
481 252
453 252
392 252
366 252
341 252
340 252
339 252
2159 252
2129 252
2128 252
2110 252
2109 252
198 252
1905 252
1902 252
1798 252
1796 252
1781 252
1766 252
1750 252
1747 252
1744 252
1711 252
1708 252
1705 252
1615 252
1614 252
1468 252
1467 252
1464 252
1463 252
1455 252
1454 252
1443 252
1442 252
1432 252
1431 252
1407 252
1406 252
1335 252
1334 252
1283 252
1282 252
1281 252
1278 252
1277 252
1276 252
1273 252
1271 252
1207 252
1206 252
1205 252
1202 252
1201 252
1138 252
1135 252
1096 252
1095 252
1094 252
1091 252
1090 252
1089 252
1039 252
1038 252
1037 252
1031 252
860 248
849 248
848 248
833 248
83 248
81 248
807 248
521 248
468 248
336 248
330 248
329 248
310 248
307 248
2147 248
2146 248
2124 248
2089 248
184 248
1780 248
1778 248
1763 248
1672 248
1460 248
1438 248
1415 248
1410 248
1068 248
1067 248
1030 248
854 244
847 244
82 244
819 244
808 244
776 244
775 244
764 244
699 244
661 244
660 244
659 244
658 244
606 244
333 244
228 244
183 244
1794 244
170 244
169 244
168 244
167 244
136 244
1192 244
850 240
624 240
247 240
242 240
1899 240
1896 240
1893 240
1890 240
135 240
134 240
1326 240
1325 240
1324 240
1323 240
261 236
246 236
229 232
851 228
85 228
837 228
823 228
809 228
662 228
645 228
610 228
484 228
471 228
457 228
395 228
381 228
367 228
311 228
202 228
187 228
1782 228
1767 228
171 228
138 228
1313 228
124 228
1034 228
258 224
999 0
998 0
997 0
996 0
995 0
994 0
993 0
992 0
991 0
990 0
988 0
987 0
985 0
984 0
982 0
981 0
979 0
978 0
976 0
975 0
973 0
972 0
971 0
970 0
965 0
964 0
963 0
962 0
961 0
960 0
959 0
958 0
957 0
956 0
955 0
951 0
950 0
944 0
943 0
942 0
941 0
94 0
934 0
933 0
93 0
925 0
924 0
923 0
922 0
921 0
920 0
92 0
919 0
918 0
917 0
916 0
915 0
914 0
913 0
912 0
911 0
910 0
903 0
902 0
901 0
900 0
9 0
899 0
898 0
897 0
896 0
889 0
888 0
880 0
879 0
871 0
870 0
862 0
861 0
859 0
858 0
857 0
856 0
855 0
853 0
852 0
839 0
838 0
825 0
824 0
811 0
810 0
8 0
797 0
796 0
795 0
794 0
793 0
792 0
791 0
790 0
784 0
783 0
778 0
777 0
774 0
773 0
772 0
771 0
767 0
766 0
765 0
763 0
762 0
761 0
760 0
759 0
758 0
757 0
746 0
745 0
737 0
736 0
735 0
73 0
728 0
727 0
726 0
72 0
719 0
718 0
716 0
709 0
708 0
707 0
706 0
705 0
704 0
703 0
702 0
701 0
700 0
70 0
7 0
69 0
687 0
686 0
684 0
682 0
681 0
68 0
679 0
678 0
677 0
676 0
675 0
674 0
673 0
672 0
671 0
670 0
67 0
669 0
668 0
667 0
666 0
665 0
664 0
663 0
66 0
650 0
65 0
649 0
648 0
647 0
646 0
64 0
634 0
633 0
632 0
631 0
630 0
63 0
629 0
628 0
62 0
615 0
614 0
613 0
612 0
611 0
61 0
60 0
6 0
598 0
597 0
596 0
595 0
59 0
588 0
587 0
586 0
582 0
581 0
580 0
58 0
571 0
570 0
57 0
569 0
566 0
565 0
564 0
56 0
556 0
555 0
55 0
547 0
546 0
54 0
538 0
537 0
536 0
535 0
530 0
53 0
529 0
528 0
524 0
523 0
522 0
520 0
52 0
519 0
518 0
517 0
516 0
515 0
514 0
513 0
512 0
511 0
510 0
51 0
509 0
508 0
507 0
506 0
505 0
504 0
503 0
502 0
501 0
500 0
50 0
5 0
499 0
498 0
497 0
496 0
495 0
49 0
487 0
486 0
485 0
48 0
473 0
472 0
47 0
460 0
46 0
459 0
45 0
445 0
444 0
44 0
436 0
435 0
434 0
433 0
432 0
431 0
430 0
43 0
429 0
428 0
427 0
420 0
42 0
419 0
418 0
417 0
416 0
415 0
414 0
413 0
412 0
411 0
410 0
409 0
4 0
397 0
396 0
383 0
382 0
38 0
37 0
369 0
368 0
36 0
355 0
354 0
35 0
345 0
344 0
343 0
342 0
34 0
338 0
337 0
335 0
334 0
332 0
331 0
328 0
327 0
326 0
325 0
324 0
313 0
312 0
3 0
299 0
298 0
290 0
289 0
281 0
280 0
28 0
272 0
271 0
270 0
269 0
268 0
267 0
266 0
265 0
263 0
262 0
260 0
259 0
257 0
256 0
255 0
254 0
253 0
252 0
251 0
249 0
248 0
241 0
240 0
239 0
235 0
234 0
233 0
232 0
231 0
2287 0
2286 0
2285 0
2284 0
2283 0
2282 0
2281 0
2280 0
2279 0
2278 0
2277 0
2276 0
2275 0
2274 0
2273 0
2272 0
2271 0
2270 0
2269 0
2268 0
2267 0
2266 0
2265 0
2264 0
2263 0
2262 0
2261 0
2260 0
226 0
2259 0
2258 0
2257 0
2256 0
2255 0
2254 0
2253 0
2252 0
2251 0
2250 0
225 0
2249 0
2248 0
2247 0
2246 0
2245 0
2244 0
2243 0
2242 0
2241 0
2240 0
2239 0
2238 0
2237 0
2236 0
2235 0
2234 0
2233 0
2232 0
2231 0
2230 0
223 0
2229 0
2228 0
2227 0
2226 0
2225 0
2224 0
2223 0
2222 0
2221 0
2220 0
222 0
2219 0
2218 0
2217 0
2216 0
2215 0
2214 0
2213 0
2212 0
2211 0
2210 0
221 0
2209 0
2208 0
2207 0
2206 0
2205 0
2204 0
2203 0
2202 0
2201 0
2200 0
220 0
2199 0
2198 0
2197 0
2196 0
2195 0
2194 0
2193 0
2192 0
2191 0
2190 0
219 0
2189 0
2188 0
2187 0
2186 0
2185 0
2184 0
2183 0
2182 0
2181 0
2180 0
218 0
2179 0
2178 0
2177 0
2176 0
2175 0
2174 0
2173 0
2172 0
2171 0
2170 0
217 0
2169 0
2168 0
2167 0
2166 0
2165 0
2164 0
2163 0
2162 0
2161 0
2160 0
216 0
2158 0
2157 0
2156 0
2150 0
215 0
2149 0
2148 0
2145 0
2144 0
2143 0
214 0
2138 0
2137 0
2136 0
2135 0
2134 0
2133 0
2132 0
2131 0
2130 0
213 0
2127 0
2126 0
2125 0
2123 0
2122 0
2121 0
212 0
2118 0
2117 0
2116 0
2115 0
2114 0
2113 0
2112 0
2111 0
211 0
2108 0
2107 0
2106 0
2100 0
210 0
21 0
2099 0
2098 0
2092 0
2091 0
2090 0
2088 0
2087 0
2086 0
2085 0
2084 0
2083 0
2082 0
2081 0
2080 0
2079 0
2078 0
2077 0
2076 0
2075 0
2074 0
2073 0
2072 0
2071 0
2070 0
2069 0
2068 0
2067 0
2066 0
2065 0
2064 0
2063 0
2062 0
2061 0
2060 0
2059 0
2058 0
2057 0
2056 0
2055 0
2054 0
2053 0
2052 0
2051 0
2050 0
2049 0
2048 0
2047 0
2046 0
2045 0
2044 0
2043 0
2042 0
2041 0
2040 0
2039 0
2038 0
2037 0
2036 0
2035 0
2034 0
2033 0
2032 0
2031 0
2030 0
2029 0
2028 0
2027 0
2026 0
2025 0
2024 0
2023 0
2022 0
2021 0
2020 0
2019 0
2018 0
2017 0
2016 0
2015 0
2014 0
2013 0
2012 0
2011 0
2010 0
2009 0
2008 0
2007 0
2006 0
2005 0
2004 0
2003 0
2002 0
2001 0
2000 0
20 0
2 0
1999 0
1998 0
1997 0
1996 0
1995 0
1994 0
1993 0
1992 0
1991 0
1990 0
1989 0
1988 0
1987 0
1986 0
1985 0
1984 0
1983 0
1982 0
1981 0
1980 0
1979 0
1978 0
1977 0
1976 0
1975 0
1974 0
1973 0
1972 0
1971 0
1970 0
1969 0
1968 0
1967 0
1966 0
1965 0
1964 0
1963 0
1962 0
1961 0
1960 0
1959 0
1958 0
1957 0
1956 0
1955 0
1954 0
1953 0
1952 0
1951 0
1950 0
1949 0
1948 0
1947 0
1946 0
1945 0
1944 0
1943 0
1942 0
1941 0
1940 0
1939 0
1938 0
1937 0
1936 0
1935 0
1934 0
1933 0
1932 0
1931 0
1930 0
1929 0
1928 0
1927 0
1926 0
1925 0
1924 0
1923 0
1922 0
1921 0
1919 0
1918 0
1916 0
1915 0
1914 0
1913 0
1912 0
1910 0
1909 0
1908 0
1907 0
1906 0
1904 0
1903 0
1901 0
1900 0
190 0
19 0
1898 0
1897 0
1895 0
1894 0
1892 0
1891 0
189 0
1889 0
1888 0
1887 0
1886 0
1885 0
1884 0
1880 0
1879 0
1872 0
1871 0
1865 0
1864 0
1858 0
1857 0
1856 0
1855 0
1854 0
1853 0
1852 0
1851 0
1850 0
1849 0
1848 0
1847 0
1846 0
1845 0
1844 0
1843 0
1842 0
1841 0
1840 0
1839 0
1838 0
1837 0
1836 0
1835 0
1834 0
1833 0
1832 0
1831 0
1830 0
1829 0
1828 0
1827 0
1826 0
1825 0
1824 0
1823 0
1822 0
1821 0
1820 0
1819 0
1818 0
1817 0
1816 0
1815 0
1814 0
1813 0
1812 0
1811 0
1810 0
1809 0
1808 0
1807 0
1806 0
1805 0
1804 0
1803 0
1802 0
1801 0
1800 0
18 0
1799 0
1786 0
1785 0
1784 0
1783 0
1770 0
1769 0
1768 0
1755 0
1754 0
1753 0
1752 0
1751 0
175 0
1749 0
1748 0
1746 0
1745 0
1743 0
1742 0
1740 0
174 0
1739 0
1737 0
1736 0
1734 0
1733 0
1731 0
1730 0
173 0
1728 0
1727 0
1725 0
1724 0
1722 0
1721 0
172 0
1719 0
1718 0
1716 0
1715 0
1714 0
1713 0
1712 0
1710 0
1709 0
1707 0
1706 0
1704 0
1703 0
1701 0
1700 0
17 0
1698 0
1697 0
1695 0
1694 0
1692 0
1691 0
1689 0
1688 0
1686 0
1685 0
1683 0
1682 0
1680 0
1679 0
1678 0
1677 0
1676 0
1674 0
1673 0
1671 0
1670 0
1668 0
1667 0
1665 0
1664 0
1662 0
1661 0
166 0
1659 0
1658 0
1656 0
1655 0
1653 0
1652 0
1650 0
1649 0
1648 0
1647 0
1646 0
1644 0
1643 0
1641 0
1640 0
1639 0
1638 0
1637 0
1636 0
1635 0
1634 0
1633 0
1632 0
1631 0
1630 0
1629 0
1624 0
1623 0
1622 0
1618 0
1617 0
1616 0
1613 0
1612 0
1611 0
1610 0
1609 0
1608 0
16 0
1598 0
1597 0
1596 0
1595 0
1594 0
1593 0
1592 0
1591 0
1590 0
1589 0
1588 0
1587 0
1586 0
1585 0
1584 0
1583 0
1582 0
1581 0
1580 0
158 0
1579 0
1578 0
1577 0
1576 0
1575 0
1574 0
1573 0
1572 0
1571 0
1570 0
157 0
1569 0
1568 0
1567 0
1566 0
1565 0
1564 0
1563 0
1562 0
1561 0
1560 0
1559 0
1558 0
1557 0
1556 0
1555 0
1554 0
1553 0
1552 0
1551 0
1550 0
1549 0
1548 0
1547 0
1546 0
1545 0
1544 0
1543 0
1542 0
1541 0
1540 0
154 0
1539 0
1538 0
1537 0
1536 0
1535 0
1534 0
1533 0
1532 0
1531 0
1530 0
153 0
1529 0
1528 0
1527 0
1526 0
1525 0
1524 0
1523 0
1522 0
1521 0
1520 0
152 0
1519 0
1518 0
1517 0
1516 0
1515 0
1514 0
1513 0
1512 0
1511 0
1510 0
1509 0
1508 0
1507 0
1506 0
1505 0
1504 0
1503 0
1502 0
1501 0
1500 0
15 0
1499 0
1498 0
1497 0
1496 0
1495 0
1494 0
1493 0
1492 0
1491 0
1490 0
1489 0
1488 0
1487 0
1486 0
1485 0
1484 0
1483 0
1482 0
1481 0
1480 0
1479 0
1478 0
1477 0
1476 0
1475 0
1474 0
1473 0
1472 0
1471 0
1470 0
1469 0
1466 0
1465 0
1462 0
1461 0
1459 0
1458 0
1457 0
1456 0
1453 0
1452 0
1451 0
1446 0
1445 0
1444 0
1441 0
1440 0
1439 0
1437 0
1436 0
1435 0
1434 0
1433 0
1430 0
1429 0
1428 0
1424 0
1423 0
1422 0
1417 0
1416 0
1414 0
1413 0
1412 0
1411 0
1409 0
1408 0
1405 0
1404 0
1400 0
140 0
14 0
1399 0
1395 0
1394 0
1393 0
1392 0
1391 0
1390 0
139 0
1389 0
1388 0
1387 0
1386 0
1385 0
1384 0
1383 0
1382 0
1381 0
1380 0
1379 0
1378 0
1377 0
1376 0
1375 0
1374 0
1373 0
1372 0
1371 0
1370 0
1369 0
1365 0
1364 0
1358 0
1357 0
1352 0
1351 0
1350 0
1349 0
1348 0
1344 0
1343 0
1342 0
1338 0
1337 0
1336 0
1333 0
1332 0
1331 0
1330 0
133 0
1329 0
1328 0
1327 0
132 0
1316 0
1315 0
1314 0
131 0
1301 0
1300 0
130 0
13 0
1299 0
1298 0
1297 0
1296 0
1295 0
1294 0
1293 0
1292 0
1291 0
1290 0
129 0
1289 0
1288 0
1287 0
1286 0
1285 0
1284 0
1280 0
128 0
1279 0
1275 0
1274 0
1272 0
1270 0
127 0
1269 0
1264 0
1263 0
1262 0
1261 0
1260 0
126 0
1259 0
1258 0
125 0
1249 0
1248 0
1242 0
1241 0
1236 0
1235 0
1234 0
1233 0
1232 0
1231 0
1230 0
1229 0
1228 0
1227 0
1226 0
1225 0
1224 0
1223 0
1222 0
1211 0
1210 0
1209 0
1208 0
1204 0
1203 0
1200 0
12 0
1199 0
1194 0
1193 0
1191 0
1190 0
1188 0
1187 0
1185 0
1184 0
1182 0
1181 0
1179 0
1178 0
1176 0
1175 0
1173 0
1172 0
1170 0
1169 0
1167 0
1166 0
1165 0
1164 0
1163 0
1161 0
1160 0
1158 0
1157 0
1155 0
1154 0
1152 0
1151 0
1149 0
1148 0
1147 0
1146 0
1145 0
1144 0
1143 0
1142 0
1141 0
1140 0
1139 0
1137 0
1136 0
1134 0
1133 0
1131 0
1130 0
1128 0
1127 0
1125 0
1124 0
1123 0
1122 0
1121 0
112 0
1119 0
1118 0
1117 0
1116 0
1115 0
1113 0
1112 0
1111 0
1110 0
111 0
1109 0
1108 0
1107 0
1106 0
110 0
11 0
1098 0
1097 0
1093 0
1092 0
109 0
1088 0
1087 0
1086 0
1085 0
108 0
1076 0
1075 0
1070 0
107 0
1069 0
1066 0
1065 0
1064 0
1063 0
1062 0
1061 0
1060 0
106 0
1059 0
1058 0
1057 0
1049 0
1048 0
1041 0
1040 0
1036 0
1035 0
1023 0
1022 0
1021 0
1020 0
1019 0
1018 0
1017 0
1016 0
1015 0
1014 0
1013 0
1012 0
1011 0
1010 0
1009 0
1008 0
1007 0
1006 0
1005 0
1004 0
1003 0
1002 0
1001 0
1000 0
10 0
